>MA0090.4
A  [ 58030   6096  68106    535   4976   1348    702  57190   9124 ]
C  [  1248  61276    646    700    622  66953  67635   1729   6215 ]
G  [  9179   1923    946    646   1210    765    374   2051  47856 ]
T  [  1941   1103    700  68517  63590   1332   1687   9428   7203 ]
>MA1121.2
A  [   441     39    517      2     15      8      8 ]
C  [    17    478      5     10      8    500    513 ]
G  [    70     14     11      6      9     10      3 ]
T  [    14     11      9    524    510     24     18 ]
>MA0808.1
A  [ 12530   2524  21444      0   4566      0      0  21444 ]
C  [    66  18920      0      0     23  21444  21444   1039 ]
G  [  8913    441      0      0    969      0      0   8654 ]
T  [  1109      0      0  21444  16878      0      4  13663 ]
>MA0809.3
A  [ 61263   7543  74797    965   2673   1366   1314  61802 ]
C  [  2414  66205   1218   1129   1176  72555  75066   3874 ]
G  [ 11265   3295    569   1025   2100   1580    212   1191 ]
T  [  3144   1043   1502  74967  72137   2585   1494  11219 ]
>MA0679.3
A  [ 37926  52146  60015    482   1345  59595  60870    225  48524 ]
C  [  7555   1011    358    294  60181    438    247    356   3451 ]
G  [  6149   7794   1166    241    278   1226    366    162   6072 ]
T  [ 10589   1268    680  61202    415    960    736  61476   4172 ]
>MA0756.3
A  [  2081   9186      0      0   3225   9186      0   9041 ]
C  [   192     63      0   9186     31      0     45    168 ]
G  [  7105   1581      0      0   5962      0      0   1510 ]
T  [    91    171   9186      0      0      0   9186    145 ]
>MA0757.2
A  [  3851   6080   6080   6080   6080     32     23   3950   6080     43   6080   3620 ]
C  [   379    274    173     28      5    103   6080     20      6      6    105    861 ]
G  [  1141    498    112    102     41     14      3   2130      9      7    187    417 ]
T  [   709    878   1221     54     11   6080      5     11     22   6080    345   1182 ]
